9627
4076
1288
6391
1104
2115
8660
2055
4509
6144
4979
1872
1196
99
9582
4652
8530
2155
1982
4395
7555
4580
7288
470
5424
2211
3366
3413
9394
751
1543
7569
3388
3939
1099
7228
4540
7377
1031
3280
4146
9337
5360
8470
2564
1226
2822
6408
8017
4648
1086
3033
5636
8991
3397
1843
8844
7543
6865
4816
8778
984
3546
9885
7882
2416
6906
6253
1670
5091
3120
1818
6919
226
9195
2305
2637
2671
5813
190
1425
6448
1822
885
7577
5618
6571
9812
3564
1871
7631
7813
7671
7683
1176
3464
767
9820
8733
960
967
1424
8007
9388
4164
8532
1053
1257
9359
3258
5812
8582
3659
6570
2566
2713
1752
292
1971
8784
9016
7236
3270
5003
7536
4648
7386
8264
8657
1102
8844
3374
711
1873
2930
1390
2337
3078
4348
4342
4946
66
5306
6153
6439
1438
7775
6108
8043
5406
9988
7921
1448
318
7472
3513
1342
9470
5895
694
2216
1391
8352
2191
4077
190
7595
5208
7477
5633
274
641
7582
8432
8176
3917
7677
2118
2448
9798
9528
8839
4103
2830
9459
6900
1700
4377
5257
7997
6279
6378
9998
455
6144
636
6819
1150
3097
4674
9050
9836
6103
9296
9722
7483
7996
4875
2101
1543
2129
7038
792
6728
5795
8335
2306
8479
6267
5922
9721
9870
3346
157
1210
9933
7188
299
655
7786
5765
5604
3334
1200
4113
588
7023
7372
9736
5707
9558
5596
5675
9454
690
1768
7936
2941
8829
5654
6492
9308
6678
5753
529
6085
1875
1641
6997
7301
3274
9689
3317
4726
7266
3717
970
9326
2181
6506
6364
2310
7785
2027
5252
1501
1280
4912
5862
9902
1292
1970
1007
1295
1271
7333
6491
4667
3138
4805
8858
1667
3868
9172
7635
3520
4598
2178
42
4221
1092
7086
6703
2562
6870
8764
3575
3235
8888
904
9070
6155
3239
4538
7292
1475
5685
1787
4056
5624
6799
7750
4907
3484
5901
7874
5831
9915
9737
9855
1847
5744
3924
2335
4808
8025
4789
2840
6665
2009
1347
2743
1215
620
4406
1719
5068
2272
8072
8386
209
5123
7010
4519
7825
2903
8804
2924
9176
1053
2213
6358
9147
8273
9580
967
8898
2242
9102
1463
1092
773
6921
4454
8417
8666
6880
8208
5670
1711
2552
6355
7165
1315
7506
5485
8067
5678
7979
8010
334
527
6672
1468
8014
3479
5702
1019
4114
5204
5256
6480
9503
848
3682
1084
957
2107
9566
3342
5443
646
285
8709
2996
1570
2681
1203
4937
5928
3096
9539
7201
3914
4579
5148
3366
8633
5896
8789
2530
8889
6588
9916
9554
3618
5669
1474
8810
7513
7560
9401
6809
7230
5630
5025
1007
6935
6509
2399
2748
2301
5332
3247
1834
468
822
6460
5133
1073
3579
6061
3146
8952
483
2898
7750
3300
2892
9951
6112
2362
2774
536
2738
3520
9989
367
1428
441
6391
6137
7426
1812
1831
7591
448
4199
5409
4644
9322
6502
9830
1178
7424
3033
3282
6731
1138
6940
2397
4636
3928
1656
2239
8308
9510
8866
5192
8054
8654
8802
3775
2426
7142
4311
8472
355
4491
26
2395
813
9718
688
5539
3509
5454
2452
5380
7358
78
7188
4433
4673
5785
5770
3645
6148
3947
5454
112
734
6770
6249
3532
8682
8909
2477
5409
4810
4035
7620
4797
3487
8952
7767
4792
7910
9787
3281
2288
5364
2707
6754
752
2997
6603
5367
4262
7665
8955
1066
2357
9313
4026
7926
120
1424
7521
7359
1528
5253
8849
335
9680
1361
4664
6403
3182
8564
9904
5272
2941
4276
472
6720
7377
801
8231
7561
6483
1106
5214
9088
8270
7412
8365
8193
345
7349
1081
4531
8918
2540
8397
3506
1993
5003
3342
9164
573
2375
2211
161
324
1192
901
8228
766
7532
7748
375
5052
4896
6714
7430
7397
754
4660
627
4440
7793
6541
706
6707
7478
6301
1685
4579
2391
9251
379
4493
2808
7278
6132
845
1685
2067
5256
7181
6431
8090
9353
8137
3795
761
7910
1856
545
4709
786
9453
4266
3094
9892
9990
2971
8651
336
9861
3370
2734
1046
7814
1583
8137
7817
496
437
2585
147
6087
1761
7425
951
7953
5506
5202
9639
1432
6249
7242
7911
319
7387
6011
1698
8137
7412
158
5211
5382
735
9143
1158
1071
1443
9211
1833
7620
9536
4383
2541
5684
8811
850
9145
141
2374
1198
97
2949
6659
7915
3226
9864
714
3877
6866
3714
2985
7999
206
2111
6380
2679
148
9073
8925
7388
1242
1219
2941
2701
4910
1212
3892
4852
6055
7157
4150
5988
1292
1966
6055
2078
1636
4958
4144
8586
5133
3562
7361
9044
1201
2296
5145
8085
6438
5364
8821
3716
8325
5411
325
556
3630
1110
1573
8384
8553
4881
5227
9052
9136
13
6972
3709
27
8666
3284
2580
140
3257
4773
1559
6061
1609
975
649
9590
7760
4178
8940
1811
1133
4928
7043
4069
2556
2982
7324
2728
3241
1868
1486
6837
2888
5739
7552
4505
3636
8382
6075
8358
4343
7709
3504
3560
8074
7990
1740
1994
4509
4604
5195
5178
2745
8469
4571
8267
9764
1966
1715
5578
8357
514
2163
3203
2360
5243
6973
388
404
6024
8133
6322
5403
2447
2534
9995
4834
4949
501
8876
898
7964
9849
2820
4190
1772
6091
24
151
4470
1290
4392
3164
7780
3266
9874
8933
8325
9502
3910
6321
1272
8364
634
991
758
7697
9807
154
8021
2156
5523
953
378
1663
1112
7302
7535
2331
7044
2636
3621
9947
4603
8487
6619
7524
8555
151
7152
667
8822
2165
1062
6919
1797
8857
968
505
7722
4651
5245
6938
5591
4664
7293
9092
5645
727
4163
5635
4328
2109
7412
4045
3625
4734
2927
3743
2084
6757
2149
1850
2556
8294
1435
7263
7611
9330
6894
2167
3846
6826
4838
6694
2799
6296
6878
4752
5693
2074
9170
3356
9706
3264
3786
1336
860
8505
4471
1277
7830
1000
1996
6901
1759
189
1375
3403
3172
401
8911
9746
1337
